local_model,round,epoch,internal_epoch,average_loss,accuracy,correct_data,total_data
23,1,1,1,tensor(0.0430),31.727574750830566,191,602
72,1,1,1,tensor(0.0451),35.37190082644628,214,605
61,1,1,1,tensor(0.0435),33.675213675213676,197,585
11,1,1,1,tensor(0.0427),32.40901213171577,187,577
71,1,1,1,tensor(0.0430),33.594976452119305,214,637
42,1,1,1,tensor(0.0422),37.15170278637771,240,646
45,1,1,1,tensor(0.0442),33.97548161120841,194,571
37,1,1,1,tensor(0.0449),29.783693843594012,179,601
21,1,1,1,tensor(0.0417),33.89830508474576,200,590
35,1,1,1,tensor(0.0443),31.715771230502597,183,577
11,2,2,1,tensor(0.0422),31.88908145580589,184,577
59,2,2,1,tensor(0.0443),38.5502471169687,234,607
62,2,2,1,tensor(0.0433),29.725085910652922,173,582
28,2,2,1,tensor(0.0429),32.685512367491164,185,566
65,2,2,1,tensor(0.0440),39.894551845342704,227,569
22,2,2,1,tensor(0.0417),41.13597246127367,239,581
78,2,2,1,tensor(0.0440),36.95299837925446,228,617
58,2,2,1,tensor(0.0439),34.95652173913044,201,575
41,2,2,1,tensor(0.0423),37.79527559055118,240,635
81,2,2,1,tensor(0.0427),36.054421768707485,212,588
54,3,3,1,tensor(0.0406),49.177330895795244,269,547
55,3,3,1,tensor(0.0403),44.537815126050425,265,595
61,3,3,1,tensor(0.0414),42.39316239316239,248,585
73,3,3,1,tensor(0.0420),49.91869918699187,307,615
18,3,3,1,tensor(0.0407),44.79717813051146,254,567
42,3,3,1,tensor(0.0400),50.15479876160991,324,646
87,3,3,1,tensor(0.0403),48.73096446700508,288,591
41,3,3,1,tensor(0.0405),49.29133858267716,313,635
50,3,3,1,tensor(0.0423),50.79365079365079,288,567
28,3,3,1,tensor(0.0404),43.99293286219081,249,566
37,4,4,1,tensor(0.0411),53.07820299500832,319,601
92,4,4,1,tensor(0.0404),59.29203539823009,335,565
95,4,4,1,tensor(0.0379),56.466302367941715,310,549
76,4,4,1,tensor(0.0385),63.65159128978225,380,597
13,4,4,1,tensor(0.0380),46.33757961783439,291,628
99,4,4,1,tensor(0.0391),65.44117647058823,267,408
94,4,4,1,tensor(0.0384),61.367837338262476,332,541
74,4,4,1,tensor(0.0388),56.44891122278057,337,597
45,4,4,1,tensor(0.0404),59.36952714535902,339,571
44,4,4,1,tensor(0.0412),48.51973684210527,295,608
60,5,5,1,tensor(0.0378),62.16666666666667,373,600
49,5,5,1,tensor(0.0389),57.77080062794349,368,637
65,5,5,1,tensor(0.0405),55.18453427065027,314,569
14,5,5,1,tensor(0.0365),52.35690235690236,311,594
36,5,5,1,tensor(0.0400),59.567387687188024,358,601
24,5,5,1,tensor(0.0391),51.07794361525705,308,603
7,5,5,1,tensor(0.0387),59.473684210526315,339,570
4,5,5,1,tensor(0.0374),58.77616747181964,365,621
76,5,5,1,tensor(0.0381),59.96649916247906,358,597
39,5,5,1,tensor(0.0403),58.92857142857143,330,560
26,6,6,1,tensor(0.0378),58.813263525305416,337,573
29,6,6,1,tensor(0.0382),60.20942408376963,345,573
4,6,6,1,tensor(0.0370),61.03059581320451,379,621
41,6,6,1,tensor(0.0381),61.88976377952756,393,635
99,6,6,1,tensor(0.0380),70.34313725490196,287,408
67,6,6,1,tensor(0.0403),59.122807017543856,337,570
91,6,6,1,tensor(0.0380),57.11892797319933,341,597
76,6,6,1,tensor(0.0380),59.463986599664985,355,597
8,6,6,1,tensor(0.0365),61.2141652613828,363,593
25,6,6,1,tensor(0.0373),56.79862306368331,330,581
66,7,7,1,tensor(0.0388),63.82636655948553,397,622
68,7,7,1,tensor(0.0388),55.917667238421956,326,583
59,7,7,1,tensor(0.0406),55.6836902800659,338,607
62,7,7,1,tensor(0.0390),55.154639175257735,321,582
31,7,7,1,tensor(0.0371),57.86061588330632,357,617
10,7,7,1,tensor(0.0370),58.740157480314956,373,635
23,7,7,1,tensor(0.0381),53.820598006644516,324,602
7,7,7,1,tensor(0.0384),57.01754385964912,325,570
99,7,7,1,tensor(0.0384),70.34313725490196,287,408
45,7,7,1,tensor(0.0393),61.471103327495626,351,571
63,8,8,1,tensor(0.0375),61.44781144781145,365,594
55,8,8,1,tensor(0.0376),61.84873949579832,368,595
79,8,8,1,tensor(0.0398),59.29203539823009,335,565
9,8,8,1,tensor(0.0366),62.521294718909715,367,587
62,8,8,1,tensor(0.0384),58.075601374570454,338,582
56,8,8,1,tensor(0.0382),59.72696245733788,350,586
96,8,8,1,tensor(0.0363),64.25925925925927,347,540
12,8,8,1,tensor(0.0389),60.54054054054055,336,555
92,8,8,1,tensor(0.0395),57.69911504424778,326,565
86,8,8,1,tensor(0.0387),61.412151067323485,374,609
28,9,9,1,tensor(0.0363),59.8939929328622,339,566
63,9,9,1,tensor(0.0359),65.15151515151516,387,594
33,9,9,1,tensor(0.0362),58.82352941176471,360,612
71,9,9,1,tensor(0.0369),62.95133437990581,401,637
13,9,9,1,tensor(0.0346),61.146496815286625,384,628
32,9,9,1,tensor(0.0352),56.612903225806456,351,620
76,9,9,1,tensor(0.0358),64.321608040201,384,597
97,9,9,1,tensor(0.0358),71.05751391465677,383,539
23,9,9,1,tensor(0.0367),61.29568106312292,369,602
25,9,9,1,tensor(0.0352),64.71600688468159,376,581
12,10,10,1,tensor(0.0366),62.52252252252253,347,555
56,10,10,1,tensor(0.0363),67.23549488054607,394,586
19,10,10,1,tensor(0.0370),64.55906821963394,388,601
11,10,10,1,tensor(0.0358),67.24436741767764,388,577
13,10,10,1,tensor(0.0343),63.53503184713376,399,628
78,10,10,1,tensor(0.0376),64.99189627228526,401,617
49,10,10,1,tensor(0.0365),65.93406593406593,420,637
34,10,10,1,tensor(0.0355),63.484087102177554,379,597
14,10,10,1,tensor(0.0339),62.45791245791246,371,594
99,10,10,1,tensor(0.0354),78.18627450980392,319,408
53,11,11,1,tensor(0.0368),67.78169014084507,385,568
56,11,11,1,tensor(0.0358),66.55290102389078,390,586
51,11,11,1,tensor(0.0369),65.28239202657808,393,602
14,11,11,1,tensor(0.0335),62.121212121212125,369,594
36,11,11,1,tensor(0.0374),62.39600665557404,375,601
6,11,11,1,tensor(0.0354),65.68144499178982,400,609
46,11,11,1,tensor(0.0372),63.71100164203612,388,609
99,11,11,1,tensor(0.0342),80.63725490196079,329,408
88,11,11,1,tensor(0.0380),65.71428571428571,368,560
37,11,11,1,tensor(0.0387),65.89018302828619,396,601
42,12,12,1,tensor(0.0345),64.08668730650155,414,646
17,12,12,1,tensor(0.0336),68.73920552677029,398,579
2,12,12,1,tensor(0.0341),63.589743589743584,372,585
64,12,12,1,tensor(0.0368),65.24590163934427,398,610
6,12,12,1,tensor(0.0346),66.50246305418719,405,609
38,12,12,1,tensor(0.0353),71.06164383561644,415,584
37,12,12,1,tensor(0.0361),68.71880199667221,413,601
44,12,12,1,tensor(0.0367),66.11842105263158,402,608
77,12,12,1,tensor(0.0370),67.78761061946904,383,565
4,12,12,1,tensor(0.0338),65.53945249597423,407,621
24,13,13,1,tensor(0.0354),68.32504145936981,412,603
38,13,13,1,tensor(0.0349),71.4041095890411,417,584
52,13,13,1,tensor(0.0338),70.90301003344482,424,598
10,13,13,1,tensor(0.0336),67.08661417322834,426,635
11,13,13,1,tensor(0.0343),69.49740034662045,401,577
76,13,13,1,tensor(0.0343),67.33668341708542,402,597
97,13,13,1,tensor(0.0342),70.68645640074212,381,539
7,13,13,1,tensor(0.0347),70.7017543859649,403,570
70,13,13,1,tensor(0.0364),70.49180327868852,430,610
14,13,13,1,tensor(0.0325),68.85521885521885,409,594
95,14,14,1,tensor(0.0330),66.66666666666666,366,549
97,14,14,1,tensor(0.0339),69.75881261595546,376,539
12,14,14,1,tensor(0.0349),60.54054054054055,336,555
89,14,14,1,tensor(0.0340),68.35016835016835,406,594
25,14,14,1,tensor(0.0333),65.40447504302927,380,581
34,14,14,1,tensor(0.0341),65.9966499162479,394,597
55,14,14,1,tensor(0.0342),66.21848739495798,394,595
67,14,14,1,tensor(0.0363),68.59649122807018,391,570
56,14,14,1,tensor(0.0347),66.21160409556313,388,586
2,14,14,1,tensor(0.0334),65.12820512820512,381,585
4,15,15,1,tensor(0.0320),67.31078904991948,418,621
1,15,15,1,tensor(0.0313),68.66666666666667,412,600
20,15,15,1,tensor(0.0317),69.21768707482994,407,588
48,15,15,1,tensor(0.0345),67.88830715532286,389,573
55,15,15,1,tensor(0.0332),67.56302521008404,402,595
98,15,15,1,tensor(0.0304),76.95390781563127,384,499
27,15,15,1,tensor(0.0312),70.85427135678391,423,597
42,15,15,1,tensor(0.0328),68.57585139318886,443,646
0,15,15,1,tensor(0.0326),70.06688963210702,419,598
44,15,15,1,tensor(0.0354),65.46052631578947,398,608
25,16,16,1,tensor(0.0320),72.28915662650603,420,581
8,16,16,1,tensor(0.0311),69.81450252951096,414,593
12,16,16,1,tensor(0.0342),68.28828828828829,379,555
99,16,16,1,tensor(0.0306),85.29411764705883,348,408
53,16,16,1,tensor(0.0342),70.77464788732394,402,568
26,16,16,1,tensor(0.0326),69.63350785340315,399,573
60,16,16,1,tensor(0.0325),71.83333333333334,431,600
63,16,16,1,tensor(0.0326),67.50841750841751,401,594
52,16,16,1,tensor(0.0322),70.90301003344482,424,598
90,16,16,1,tensor(0.0335),69.96527777777779,403,576
66,17,17,1,tensor(0.0336),64.79099678456592,403,622
33,17,17,1,tensor(0.0323),70.58823529411765,432,612
56,17,17,1,tensor(0.0333),68.94197952218431,404,586
97,17,17,1,tensor(0.0322),75.139146567718,405,539
10,17,17,1,tensor(0.0320),68.34645669291338,434,635
13,17,17,1,tensor(0.0313),70.38216560509554,442,628
77,17,17,1,tensor(0.0342),70.08849557522124,396,565
37,17,17,1,tensor(0.0337),70.54908485856906,424,601
90,17,17,1,tensor(0.0334),72.74305555555556,419,576
59,17,17,1,tensor(0.0347),65.23887973640856,396,607
55,18,18,1,tensor(0.0325),68.0672268907563,405,595
58,18,18,1,tensor(0.0337),70.08695652173913,403,575
88,18,18,1,tensor(0.0344),70.35714285714286,394,560
23,18,18,1,tensor(0.0318),72.25913621262458,435,602
39,18,18,1,tensor(0.0345),69.46428571428571,389,560
75,18,18,1,tensor(0.0325),67.83333333333333,407,600
82,18,18,1,tensor(0.0325),70.11884550084889,413,589
61,18,18,1,tensor(0.0332),73.16239316239316,428,585
95,18,18,1,tensor(0.0311),71.76684881602914,394,549
93,18,18,1,tensor(0.0338),77.55905511811024,394,508
37,19,19,1,tensor(0.0343),71.04825291181365,427,601
43,19,19,1,tensor(0.0337),71.62872154115587,409,571
50,19,19,1,tensor(0.0336),70.8994708994709,402,567
84,19,19,1,tensor(0.0362),69.88352745424294,420,601
25,19,19,1,tensor(0.0313),70.91222030981066,412,581
28,19,19,1,tensor(0.0324),70.14134275618375,397,566
8,19,19,1,tensor(0.0305),73.69308600337267,437,593
16,19,19,1,tensor(0.0306),71.81208053691275,428,596
6,19,19,1,tensor(0.0317),74.2200328407225,452,609
3,19,19,1,tensor(0.0328),68.66197183098592,390,568
23,20,20,1,tensor(0.0323),69.10299003322258,416,602
43,20,20,1,tensor(0.0333),72.3292469352014,413,571
27,20,20,1,tensor(0.0302),73.19932998324958,437,597
82,20,20,1,tensor(0.0321),74.19354838709677,437,589
37,20,20,1,tensor(0.0336),70.54908485856906,424,601
35,20,20,1,tensor(0.0335),69.15077989601387,399,577
29,20,20,1,tensor(0.0320),73.1239092495637,419,573
47,20,20,1,tensor(0.0331),72.99651567944251,419,574
11,20,20,1,tensor(0.0320),70.53726169844022,407,577
42,20,20,1,tensor(0.0318),69.81424148606811,451,646
33,21,21,1,tensor(0.0314),71.89542483660131,440,612
12,21,21,1,tensor(0.0329),68.82882882882882,382,555
93,21,21,1,tensor(0.0327),73.81889763779527,375,508
15,21,21,1,tensor(0.0328),68.16546762589928,379,556
41,21,21,1,tensor(0.0319),68.66141732283465,436,635
97,21,21,1,tensor(0.0312),75.88126159554731,409,539
20,21,21,1,tensor(0.0309),68.19727891156462,401,588
86,21,21,1,tensor(0.0326),69.78653530377669,425,609
54,21,21,1,tensor(0.0320),71.11517367458866,389,547
52,21,21,1,tensor(0.0312),69.89966555183946,418,598
24,22,22,1,tensor(0.0323),71.31011608623548,430,603
38,22,22,1,tensor(0.0314),75.68493150684932,442,584
42,22,22,1,tensor(0.0307),69.96904024767801,452,646
32,22,22,1,tensor(0.0300),68.06451612903226,422,620
60,22,22,1,tensor(0.0308),72.66666666666667,436,600
8,22,22,1,tensor(0.0293),75.37942664418212,447,593
35,22,22,1,tensor(0.0326),70.7105719237435,408,577
92,22,22,1,tensor(0.0324),73.45132743362832,415,565
27,22,22,1,tensor(0.0295),69.01172529313233,412,597
96,22,22,1,tensor(0.0292),74.81481481481481,404,540
56,23,23,1,tensor(0.0307),72.01365187713311,422,586
82,23,23,1,tensor(0.0300),73.3446519524618,432,589
85,23,23,1,tensor(0.0306),71.06164383561644,415,584
17,23,23,1,tensor(0.0287),75.64766839378238,438,579
76,23,23,1,tensor(0.0302),71.52428810720268,427,597
61,23,23,1,tensor(0.0309),74.7008547008547,437,585
26,23,23,1,tensor(0.0296),74.17102966841188,425,573
86,23,23,1,tensor(0.0316),71.26436781609196,434,609
89,23,23,1,tensor(0.0300),73.73737373737373,438,594
75,23,23,1,tensor(0.0303),69.83333333333334,419,600
36,24,24,1,tensor(0.0295),72.04658901830283,433,601
65,24,24,1,tensor(0.0308),71.00175746924428,404,569
96,24,24,1,tensor(0.0273),76.11111111111111,411,540
83,24,24,1,tensor(0.0314),70.37643207855973,430,611
63,24,24,1,tensor(0.0290),74.57912457912458,443,594
30,24,24,1,tensor(0.0280),73.45890410958904,429,584
94,24,24,1,tensor(0.0280),73.19778188539742,396,541
25,24,24,1,tensor(0.0282),74.69879518072288,434,581
52,24,24,1,tensor(0.0285),75.4180602006689,451,598
50,24,24,1,tensor(0.0302),73.19223985890653,415,567
45,25,25,1,tensor(0.0295),73.5551663747811,420,571
6,25,25,1,tensor(0.0278),77.66830870279146,473,609
35,25,25,1,tensor(0.0301),71.92374350086655,415,577
17,25,25,1,tensor(0.0271),77.720207253886,450,579
20,25,25,1,tensor(0.0276),75.0,441,588
73,25,25,1,tensor(0.0301),72.52032520325203,446,615
43,25,25,1,tensor(0.0294),75.65674255691769,432,571
8,25,25,1,tensor(0.0268),76.0539629005059,451,593
74,25,25,1,tensor(0.0284),72.8643216080402,435,597
3,25,25,1,tensor(0.0287),77.11267605633803,438,568
39,26,26,1,tensor(0.0292),75.0,420,560
14,26,26,1,tensor(0.0260),76.26262626262627,453,594
32,26,26,1,tensor(0.0267),75.64516129032258,469,620
4,26,26,1,tensor(0.0268),77.93880837359099,484,621
30,26,26,1,tensor(0.0265),74.65753424657534,436,584
63,26,26,1,tensor(0.0275),74.74747474747475,444,594
23,26,26,1,tensor(0.0271),76.91029900332225,463,602
3,26,26,1,tensor(0.0278),76.40845070422534,434,568
94,26,26,1,tensor(0.0266),78.00369685767097,422,541
84,26,26,1,tensor(0.0295),74.37603993344426,447,601
69,27,27,1,tensor(0.0284),73.75643224699829,430,583
2,27,27,1,tensor(0.0269),78.46153846153847,459,585
42,27,27,1,tensor(0.0275),73.37461300309597,474,646
25,27,27,1,tensor(0.0267),77.79690189328744,452,581
17,27,27,1,tensor(0.0262),79.62003454231433,461,579
37,27,27,1,tensor(0.0289),74.20965058236273,446,601
45,27,27,1,tensor(0.0285),75.30647985989492,430,571
54,27,27,1,tensor(0.0276),77.3308957952468,423,547
30,27,27,1,tensor(0.0263),76.88356164383562,449,584
0,27,27,1,tensor(0.0274),72.74247491638796,435,598
33,28,28,1,tensor(0.0265),75.65359477124183,463,612
51,28,28,1,tensor(0.0273),74.91694352159467,451,602
17,28,28,1,tensor(0.0259),79.62003454231433,461,579
63,28,28,1,tensor(0.0270),75.25252525252525,447,594
6,28,28,1,tensor(0.0270),79.14614121510674,482,609
24,28,28,1,tensor(0.0274),78.44112769485903,473,603
82,28,28,1,tensor(0.0271),76.5704584040747,451,589
35,28,28,1,tensor(0.0287),73.83015597920277,426,577
80,28,28,1,tensor(0.0274),75.25252525252525,447,594
81,28,28,1,tensor(0.0280),70.74829931972789,416,588
58,29,29,1,tensor(0.0281),75.47826086956522,434,575
90,29,29,1,tensor(0.0272),76.90972222222221,443,576
30,29,29,1,tensor(0.0254),77.22602739726028,451,584
72,29,29,1,tensor(0.0291),73.55371900826447,445,605
41,29,29,1,tensor(0.0271),74.48818897637796,473,635
25,29,29,1,tensor(0.0257),79.69018932874354,463,581
16,29,29,1,tensor(0.0251),80.03355704697987,477,596
91,29,29,1,tensor(0.0266),75.20938023450586,449,597
50,29,29,1,tensor(0.0277),74.25044091710758,421,567
57,29,29,1,tensor(0.0282),75.53719008264463,457,605
50,30,30,1,tensor(0.0272),75.83774250440916,430,567
77,30,30,1,tensor(0.0279),73.27433628318583,414,565
73,30,30,1,tensor(0.0278),74.95934959349594,461,615
21,30,30,1,tensor(0.0253),75.42372881355932,445,590
10,30,30,1,tensor(0.0262),77.00787401574803,489,635
8,30,30,1,tensor(0.0249),77.74030354131534,461,593
40,30,30,1,tensor(0.0268),74.08759124087592,406,548
52,30,30,1,tensor(0.0259),75.4180602006689,451,598
45,30,30,1,tensor(0.0275),75.83187390542906,433,571
30,30,30,1,tensor(0.0253),77.22602739726028,451,584
74,31,31,1,tensor(0.0259),74.37185929648241,444,597
9,31,31,1,tensor(0.0248),78.02385008517888,458,587
99,31,31,1,tensor(0.0233),88.48039215686273,361,408
85,31,31,1,tensor(0.0262),77.73972602739725,454,584
4,31,31,1,tensor(0.0248),78.58293075684381,488,621
11,31,31,1,tensor(0.0258),80.06932409012131,462,577
24,31,31,1,tensor(0.0255),78.27529021558873,472,603
42,31,31,1,tensor(0.0259),76.31578947368422,493,646
23,31,31,1,tensor(0.0260),76.91029900332225,463,602
25,31,31,1,tensor(0.0250),80.03442340791739,465,581
93,32,32,1,tensor(0.0263),79.52755905511812,404,508
87,32,32,1,tensor(0.0256),74.11167512690355,438,591
55,32,32,1,tensor(0.0262),71.76470588235294,427,595
70,32,32,1,tensor(0.0275),76.0655737704918,464,610
15,32,32,1,tensor(0.0267),78.23741007194245,435,556
90,32,32,1,tensor(0.0261),76.21527777777779,439,576
91,32,32,1,tensor(0.0257),75.04187604690117,448,597
86,32,32,1,tensor(0.0265),75.69786535303777,461,609
67,32,32,1,tensor(0.0280),74.21052631578947,423,570
20,32,32,1,tensor(0.0249),77.55102040816327,456,588
77,33,33,1,tensor(0.0269),75.75221238938053,428,565
57,33,33,1,tensor(0.0264),77.1900826446281,467,605
21,33,33,1,tensor(0.0243),77.28813559322035,456,590
67,33,33,1,tensor(0.0276),73.33333333333333,418,570
14,33,33,1,tensor(0.0239),78.45117845117845,466,594
97,33,33,1,tensor(0.0248),77.1799628942486,416,539
28,33,33,1,tensor(0.0256),74.91166077738515,424,566
22,33,33,1,tensor(0.0250),79.69018932874354,463,581
70,33,33,1,tensor(0.0272),75.90163934426229,463,610
93,33,33,1,tensor(0.0253),77.95275590551181,396,508
37,34,34,1,tensor(0.0271),74.20965058236273,446,601
49,34,34,1,tensor(0.0261),73.31240188383046,467,637
41,34,34,1,tensor(0.0252),75.11811023622047,477,635
50,34,34,1,tensor(0.0261),76.01410934744268,431,567
71,34,34,1,tensor(0.0260),72.8414442700157,464,637
60,34,34,1,tensor(0.0247),78.33333333333333,470,600
42,34,34,1,tensor(0.0250),75.38699690402477,487,646
83,34,34,1,tensor(0.0267),75.12274959083469,459,611
26,34,34,1,tensor(0.0246),78.70855148342059,451,573
48,34,34,1,tensor(0.0266),73.99650959860384,424,573
50,35,35,1,tensor(0.0258),77.42504409171076,439,567
36,35,35,1,tensor(0.0261),74.04326123128119,445,601
53,35,35,1,tensor(0.0257),76.40845070422534,434,568
79,35,35,1,tensor(0.0266),74.51327433628319,421,565
33,35,35,1,tensor(0.0235),80.55555555555556,493,612
25,35,35,1,tensor(0.0240),81.23924268502581,472,581
15,35,35,1,tensor(0.0254),78.41726618705036,436,556
1,35,35,1,tensor(0.0237),76.83333333333333,461,600
65,35,35,1,tensor(0.0264),73.11072056239016,416,569
98,35,35,1,tensor(0.0219),80.16032064128257,400,499
82,36,36,1,tensor(0.0245),78.43803056027164,462,589
4,36,36,1,tensor(0.0238),80.83735909822866,502,621
79,36,36,1,tensor(0.0267),73.80530973451327,417,565
32,36,36,1,tensor(0.0235),79.19354838709678,491,620
47,36,36,1,tensor(0.0254),75.78397212543554,435,574
44,36,36,1,tensor(0.0267),72.20394736842105,439,608
89,36,36,1,tensor(0.0245),78.61952861952862,467,594
48,36,36,1,tensor(0.0264),74.3455497382199,426,573
70,36,36,1,tensor(0.0267),74.91803278688525,457,610
77,36,36,1,tensor(0.0259),77.69911504424779,439,565
27,37,37,1,tensor(0.0227),80.40201005025126,480,597
30,37,37,1,tensor(0.0229),80.47945205479452,470,584
33,37,37,1,tensor(0.0230),80.3921568627451,492,612
41,37,37,1,tensor(0.0244),74.48818897637796,473,635
5,37,37,1,tensor(0.0233),80.51724137931035,467,580
52,37,37,1,tensor(0.0235),76.42140468227426,457,598
84,37,37,1,tensor(0.0275),75.7071547420965,455,601
43,37,37,1,tensor(0.0249),77.23292469352015,441,571
62,37,37,1,tensor(0.0249),75.25773195876289,438,582
18,37,37,1,tensor(0.0241),78.83597883597884,447,567
39,38,38,1,tensor(0.0256),77.67857142857143,435,560
29,38,38,1,tensor(0.0241),79.58115183246073,456,573
87,38,38,1,tensor(0.0238),75.97292724196278,449,591
78,38,38,1,tensor(0.0262),75.3646677471637,465,617
53,38,38,1,tensor(0.0249),77.8169014084507,442,568
83,38,38,1,tensor(0.0253),76.759410801964,469,611
19,38,38,1,tensor(0.0254),79.53410981697171,478,601
45,38,38,1,tensor(0.0249),77.40805604203153,442,571
52,38,38,1,tensor(0.0233),78.09364548494983,467,598
17,38,38,1,tensor(0.0227),81.86528497409327,474,579
3,39,39,1,tensor(0.0242),79.40140845070422,451,568
34,39,39,1,tensor(0.0239),74.7068676716918,446,597
32,39,39,1,tensor(0.0230),80.64516129032258,500,620
5,39,39,1,tensor(0.0233),80.86206896551724,469,580
73,39,39,1,tensor(0.0253),75.77235772357723,466,615
14,39,39,1,tensor(0.0227),79.29292929292929,471,594
40,39,39,1,tensor(0.0242),74.81751824817519,410,548
88,39,39,1,tensor(0.0260),74.46428571428572,417,560
72,39,39,1,tensor(0.0261),75.37190082644628,456,605
13,39,39,1,tensor(0.0226),79.93630573248409,502,628
12,40,40,1,tensor(0.0241),79.81981981981981,443,555
23,40,40,1,tensor(0.0229),79.56810631229236,479,602
87,40,40,1,tensor(0.0237),74.45008460236888,440,591
98,40,40,1,tensor(0.0208),81.76352705410822,408,499
51,40,40,1,tensor(0.0248),78.23920265780731,471,602
83,40,40,1,tensor(0.0251),75.61374795417348,462,611
52,40,40,1,tensor(0.0232),77.92642140468227,466,598
90,40,40,1,tensor(0.0241),78.99305555555556,455,576
71,40,40,1,tensor(0.0249),75.82417582417582,483,637
11,40,40,1,tensor(0.0245),77.12305025996534,445,577
51,41,41,1,tensor(0.0242),77.40863787375415,466,602
28,41,41,1,tensor(0.0242),75.44169611307422,427,566
20,41,41,1,tensor(0.0231),77.38095238095238,455,588
95,41,41,1,tensor(0.0222),78.87067395264117,433,549
83,41,41,1,tensor(0.0251),76.2684124386252,466,611
18,41,41,1,tensor(0.0233),81.30511463844798,461,567
55,41,41,1,tensor(0.0241),74.11764705882354,441,595
42,41,41,1,tensor(0.0236),76.93498452012383,497,646
29,41,41,1,tensor(0.0238),79.9301919720768,458,573
46,41,41,1,tensor(0.0247),77.66830870279146,473,609
87,42,42,1,tensor(0.0233),77.66497461928934,459,591
73,42,42,1,tensor(0.0248),76.42276422764228,470,615
89,42,42,1,tensor(0.0233),79.96632996632997,475,594
48,42,42,1,tensor(0.0246),76.78883071553228,440,573
81,42,42,1,tensor(0.0241),75.17006802721087,442,588
10,42,42,1,tensor(0.0233),80.62992125984252,512,635
92,42,42,1,tensor(0.0246),77.69911504424779,439,565
62,42,42,1,tensor(0.0243),75.94501718213058,442,582
26,42,42,1,tensor(0.0233),81.15183246073299,465,573
29,42,42,1,tensor(0.0237),79.75567190226876,457,573
38,43,43,1,tensor(0.0235),79.96575342465754,467,584
78,43,43,1,tensor(0.0254),76.49918962722853,472,617
26,43,43,1,tensor(0.0231),79.23211169284468,454,573
18,43,43,1,tensor(0.0231),81.12874779541445,460,567
72,43,43,1,tensor(0.0257),76.52892561983471,463,605
75,43,43,1,tensor(0.0236),76.16666666666667,457,600
93,43,43,1,tensor(0.0239),81.49606299212599,414,508
39,43,43,1,tensor(0.0247),76.42857142857142,428,560
44,43,43,1,tensor(0.0252),73.51973684210526,447,608
90,43,43,1,tensor(0.0231),79.6875,459,576
31,44,44,1,tensor(0.0228),81.03727714748784,500,617
1,44,44,1,tensor(0.0223),77.0,462,600
38,44,44,1,tensor(0.0234),79.28082191780823,463,584
9,44,44,1,tensor(0.0224),79.38671209540034,466,587
6,44,44,1,tensor(0.0236),80.95238095238095,493,609
19,44,44,1,tensor(0.0231),78.03660565723793,469,601
65,44,44,1,tensor(0.0245),76.27416520210897,434,569
66,44,44,1,tensor(0.0240),77.65273311897106,483,622
73,44,44,1,tensor(0.0242),75.44715447154472,464,615
15,44,44,1,tensor(0.0239),80.93525179856115,450,556
53,45,45,1,tensor(0.0232),77.8169014084507,442,568
75,45,45,1,tensor(0.0233),75.5,453,600
1,45,45,1,tensor(0.0218),78.0,468,600
37,45,45,1,tensor(0.0238),77.20465890183029,464,601
94,45,45,1,tensor(0.0216),80.59149722735674,436,541
51,45,45,1,tensor(0.0233),78.57142857142857,473,602
29,45,45,1,tensor(0.0228),80.27923211169285,460,573
39,45,45,1,tensor(0.0240),75.89285714285714,425,560
60,45,45,1,tensor(0.0225),79.83333333333333,479,600
5,45,45,1,tensor(0.0222),80.3448275862069,466,580
75,46,46,1,tensor(0.0229),76.83333333333333,461,600
78,46,46,1,tensor(0.0245),77.47163695299838,478,617
14,46,46,1,tensor(0.0212),81.48148148148148,484,594
39,46,46,1,tensor(0.0239),77.14285714285715,432,560
7,46,46,1,tensor(0.0226),80.35087719298247,458,570
10,46,46,1,tensor(0.0225),80.78740157480316,513,635
40,46,46,1,tensor(0.0226),77.00729927007299,422,548
2,46,46,1,tensor(0.0218),80.68376068376068,472,585
68,46,46,1,tensor(0.0229),77.01543739279589,449,583
54,46,46,1,tensor(0.0224),79.52468007312615,435,547
94,47,47,1,tensor(0.0209),82.0702402957486,444,541
48,47,47,1,tensor(0.0234),77.4869109947644,444,573
82,47,47,1,tensor(0.0217),82.17317487266553,484,589
25,47,47,1,tensor(0.0214),82.44406196213426,479,581
26,47,47,1,tensor(0.0220),81.15183246073299,465,573
16,47,47,1,tensor(0.0211),82.0469798657718,489,596
7,47,47,1,tensor(0.0226),79.64912280701755,454,570
90,47,47,1,tensor(0.0226),81.07638888888889,467,576
68,47,47,1,tensor(0.0227),77.18696397941682,450,583
43,47,47,1,tensor(0.0228),80.73555166374781,461,571
74,48,48,1,tensor(0.0221),78.05695142378559,466,597
27,48,48,1,tensor(0.0210),80.23450586264657,479,597
75,48,48,1,tensor(0.0225),77.33333333333333,464,600
19,48,48,1,tensor(0.0223),78.20299500831946,470,601
58,48,48,1,tensor(0.0233),80.17391304347827,461,575
83,48,48,1,tensor(0.0231),78.88707037643208,482,611
91,48,48,1,tensor(0.0220),79.39698492462311,474,597
96,48,48,1,tensor(0.0201),81.66666666666667,441,540
17,48,48,1,tensor(0.0208),83.59240069084629,484,579
57,48,48,1,tensor(0.0227),79.17355371900825,479,605
77,49,49,1,tensor(0.0232),78.23008849557522,442,565
10,49,49,1,tensor(0.0220),80.94488188976378,514,635
78,49,49,1,tensor(0.0240),76.6612641815235,473,617
72,49,49,1,tensor(0.0245),78.18181818181819,473,605
91,49,49,1,tensor(0.0218),78.72696817420436,470,597
13,49,49,1,tensor(0.0210),81.52866242038218,512,628
98,49,49,1,tensor(0.0189),81.56312625250501,407,499
21,49,49,1,tensor(0.0212),80.67796610169492,476,590
82,49,49,1,tensor(0.0216),81.83361629881153,482,589
74,49,49,1,tensor(0.0220),76.71691792294807,458,597
75,50,50,1,tensor(0.0223),78.16666666666666,469,600
86,50,50,1,tensor(0.0225),78.65353037766832,479,609
51,50,50,1,tensor(0.0233),78.90365448504983,475,602
0,50,50,1,tensor(0.0217),77.75919732441471,465,598
31,50,50,1,tensor(0.0216),82.6580226904376,510,617
32,50,50,1,tensor(0.0210),81.45161290322581,505,620
67,50,50,1,tensor(0.0237),76.84210526315789,438,570
17,50,50,1,tensor(0.0205),83.59240069084629,484,579
29,50,50,1,tensor(0.0225),80.10471204188482,459,573
7,50,50,1,tensor(0.0225),79.2982456140351,452,570
36,51,51,1,tensor(0.0229),77.87021630615641,468,601
9,51,51,1,tensor(0.0210),81.60136286201022,479,587
6,51,51,1,tensor(0.0216),80.13136288998358,488,609
79,51,51,1,tensor(0.0230),77.87610619469027,440,565
4,51,51,1,tensor(0.0213),80.51529790660226,500,621
52,51,51,1,tensor(0.0209),80.76923076923077,483,598
48,51,51,1,tensor(0.0231),77.66143106457243,445,573
5,51,51,1,tensor(0.0213),81.03448275862068,470,580
87,51,51,1,tensor(0.0214),78.68020304568529,465,591
73,51,51,1,tensor(0.0230),79.02439024390245,486,615
10,52,52,1,tensor(0.0218),81.73228346456692,519,635
31,52,52,1,tensor(0.0212),80.71312803889789,498,617
95,52,52,1,tensor(0.0200),81.23861566484517,446,549
82,52,52,1,tensor(0.0212),82.68251273344653,487,589
33,52,52,1,tensor(0.0211),81.37254901960785,498,612
30,52,52,1,tensor(0.0205),81.5068493150685,476,584
68,52,52,1,tensor(0.0219),77.35849056603774,451,583
11,52,52,1,tensor(0.0219),80.76256499133449,466,577
28,52,52,1,tensor(0.0223),78.26855123674912,443,566
70,52,52,1,tensor(0.0230),79.01639344262294,482,610
63,53,53,1,tensor(0.0213),82.15488215488216,488,594
99,53,53,1,tensor(0.0186),89.2156862745098,364,408
35,53,53,1,tensor(0.0229),78.85615251299826,455,577
31,53,53,1,tensor(0.0216),80.55105348460292,497,617
85,53,53,1,tensor(0.0218),79.96575342465754,467,584
62,53,53,1,tensor(0.0222),77.4914089347079,451,582
21,53,53,1,tensor(0.0208),79.83050847457626,471,590
81,53,53,1,tensor(0.0222),76.0204081632653,447,588
52,53,53,1,tensor(0.0206),81.10367892976589,485,598
26,53,53,1,tensor(0.0218),80.97731239092496,464,573
27,54,54,1,tensor(0.0204),80.23450586264657,479,597
54,54,54,1,tensor(0.0214),80.98720292504571,443,547
48,54,54,1,tensor(0.0228),78.1849912739965,448,573
85,54,54,1,tensor(0.0216),79.1095890410959,462,584
16,54,54,1,tensor(0.0204),81.20805369127517,484,596
43,54,54,1,tensor(0.0221),79.6847635726795,455,571
52,54,54,1,tensor(0.0207),79.93311036789298,478,598
29,54,54,1,tensor(0.0220),78.88307155322862,452,573
93,54,54,1,tensor(0.0212),82.67716535433071,420,508
78,54,54,1,tensor(0.0230),78.6061588330632,485,617
5,55,55,1,tensor(0.0210),80.51724137931035,467,580
85,55,55,1,tensor(0.0216),80.3082191780822,469,584
24,55,55,1,tensor(0.0228),78.60696517412936,474,603
0,55,55,1,tensor(0.0212),79.4314381270903,475,598
35,55,55,1,tensor(0.0227),79.89601386481803,461,577
65,55,55,1,tensor(0.0227),78.55887521968366,447,569
46,55,55,1,tensor(0.0224),79.80295566502463,486,609
29,55,55,1,tensor(0.0217),79.05759162303664,453,573
45,55,55,1,tensor(0.0219),79.33450087565674,453,571
69,55,55,1,tensor(0.0225),77.18696397941682,450,583
10,56,56,1,tensor(0.0213),80.78740157480316,513,635
16,56,56,1,tensor(0.0203),80.36912751677853,479,596
41,56,56,1,tensor(0.0214),77.79527559055119,494,635
45,56,56,1,tensor(0.0218),79.6847635726795,455,571
65,56,56,1,tensor(0.0225),77.85588752196837,443,569
81,56,56,1,tensor(0.0218),76.70068027210884,451,588
24,56,56,1,tensor(0.0226),80.59701492537313,486,603
64,56,56,1,tensor(0.0224),78.85245901639344,481,610
48,56,56,1,tensor(0.0227),77.66143106457243,445,573
29,56,56,1,tensor(0.0216),80.27923211169285,460,573
43,57,57,1,tensor(0.0215),83.0122591943958,474,571
96,57,57,1,tensor(0.0190),82.5925925925926,446,540
61,57,57,1,tensor(0.0215),80.0,468,585
70,57,57,1,tensor(0.0221),78.68852459016394,480,610
67,57,57,1,tensor(0.0226),78.59649122807018,448,570
8,57,57,1,tensor(0.0197),80.43844856661046,477,593
68,57,57,1,tensor(0.0214),78.21612349914237,456,583
93,57,57,1,tensor(0.0207),82.48031496062993,419,508
30,57,57,1,tensor(0.0200),79.96575342465754,467,584
71,57,57,1,tensor(0.0219),78.96389324960754,503,637
77,58,58,1,tensor(0.0212),80.70796460176992,456,565
32,58,58,1,tensor(0.0202),81.12903225806451,503,620
80,58,58,1,tensor(0.0208),79.7979797979798,474,594
30,58,58,1,tensor(0.0198),80.65068493150685,471,584
53,58,58,1,tensor(0.0210),81.69014084507043,464,568
41,58,58,1,tensor(0.0208),78.74015748031496,500,635
13,58,58,1,tensor(0.0199),80.2547770700637,504,628
49,58,58,1,tensor(0.0218),78.64992150706436,501,637
17,58,58,1,tensor(0.0196),83.41968911917098,483,579
31,58,58,1,tensor(0.0207),80.22690437601297,495,617
46,59,59,1,tensor(0.0208),82.26600985221675,501,609
56,59,59,1,tensor(0.0205),81.74061433447099,479,586
12,59,59,1,tensor(0.0212),80.9009009009009,449,555
72,59,59,1,tensor(0.0218),80.33057851239668,486,605
79,59,59,1,tensor(0.0214),78.76106194690266,445,565
17,59,59,1,tensor(0.0190),84.97409326424871,492,579
71,59,59,1,tensor(0.0213),78.02197802197803,497,637
70,59,59,1,tensor(0.0216),80.32786885245902,490,610
74,59,59,1,tensor(0.0202),78.22445561139028,467,597
27,59,59,1,tensor(0.0194),81.4070351758794,486,597
4,60,60,1,tensor(0.0193),80.83735909822866,502,621
49,60,60,1,tensor(0.0212),78.02197802197803,497,637
74,60,60,1,tensor(0.0200),78.72696817420436,470,597
6,60,60,1,tensor(0.0204),81.2807881773399,495,609
16,60,60,1,tensor(0.0190),81.20805369127517,484,596
59,60,60,1,tensor(0.0219),77.26523887973642,469,607
46,60,60,1,tensor(0.0203),81.60919540229885,497,609
66,60,60,1,tensor(0.0204),79.7427652733119,496,622
84,60,60,1,tensor(0.0201),80.5324459234609,484,601
63,60,60,1,tensor(0.0196),82.82828282828282,492,594
23,61,61,1,tensor(0.0193),79.90033222591362,481,602
92,61,61,1,tensor(0.0206),80.35398230088495,454,565
22,61,61,1,tensor(0.0197),81.58347676419966,474,581
91,61,61,1,tensor(0.0196),80.40201005025126,480,597
70,61,61,1,tensor(0.0209),80.16393442622952,489,610
58,61,61,1,tensor(0.0206),81.21739130434783,467,575
35,61,61,1,tensor(0.0210),80.93587521663778,467,577
12,61,61,1,tensor(0.0207),81.26126126126127,451,555
55,61,61,1,tensor(0.0203),79.15966386554622,471,595
94,61,61,1,tensor(0.0186),83.3641404805915,451,541
60,62,62,1,tensor(0.0191),83.16666666666667,499,600
54,62,62,1,tensor(0.0193),82.44972577696527,451,547
79,62,62,1,tensor(0.0208),79.29203539823008,448,565
77,62,62,1,tensor(0.0206),81.41592920353983,460,565
63,62,62,1,tensor(0.0192),83.33333333333334,495,594
99,62,62,1,tensor(0.0165),88.72549019607843,362,408
67,62,62,1,tensor(0.0210),80.0,456,570
88,62,62,1,tensor(0.0209),78.57142857142857,440,560
28,62,62,1,tensor(0.0207),77.03180212014135,436,566
37,62,62,1,tensor(0.0211),81.03161397670549,487,601
4,63,63,1,tensor(0.0190),81.96457326892109,509,621
88,63,63,1,tensor(0.0209),79.46428571428571,445,560
6,63,63,1,tensor(0.0201),80.45977011494253,490,609
99,63,63,1,tensor(0.0165),89.2156862745098,364,408
49,63,63,1,tensor(0.0208),78.49293563579278,500,637
69,63,63,1,tensor(0.0202),78.90222984562607,460,583
66,63,63,1,tensor(0.0200),80.86816720257235,503,622
79,63,63,1,tensor(0.0210),78.58407079646018,444,565
36,63,63,1,tensor(0.0202),80.19966722129783,482,601
64,63,63,1,tensor(0.0202),79.83606557377048,487,610
33,64,64,1,tensor(0.0187),82.51633986928104,505,612
90,64,64,1,tensor(0.0192),84.20138888888889,485,576
7,64,64,1,tensor(0.0199),81.9298245614035,467,570
26,64,64,1,tensor(0.0193),80.80279232111693,463,573
13,64,64,1,tensor(0.0187),81.52866242038218,512,628
51,64,64,1,tensor(0.0198),81.89368770764119,493,602
24,64,64,1,tensor(0.0202),82.25538971807629,496,603
40,64,64,1,tensor(0.0195),79.1970802919708,434,548
35,64,64,1,tensor(0.0206),81.80242634315424,472,577
98,64,64,1,tensor(0.0165),83.56713426853707,417,499
46,65,65,1,tensor(0.0203),81.2807881773399,495,609
27,65,65,1,tensor(0.0185),81.4070351758794,486,597
26,65,65,1,tensor(0.0195),81.84991273996509,469,573
85,65,65,1,tensor(0.0195),81.33561643835617,475,584
41,65,65,1,tensor(0.0196),78.89763779527559,501,635
77,65,65,1,tensor(0.0200),82.12389380530973,464,565
52,65,65,1,tensor(0.0185),82.44147157190636,493,598
61,65,65,1,tensor(0.0199),81.53846153846153,477,585
3,65,65,1,tensor(0.0199),79.92957746478874,454,568
82,65,65,1,tensor(0.0188),83.3616298811545,491,589
78,66,66,1,tensor(0.0211),79.902755267423,493,617
9,66,66,1,tensor(0.0186),81.94207836456559,481,587
54,66,66,1,tensor(0.0187),81.53564899451554,446,547
62,66,66,1,tensor(0.0197),79.03780068728523,460,582
26,66,66,1,tensor(0.0194),81.32635253054102,466,573
53,66,66,1,tensor(0.0194),82.57042253521126,469,568
28,66,66,1,tensor(0.0197),79.3286219081272,449,566
22,66,66,1,tensor(0.0192),81.23924268502581,472,581
94,66,66,1,tensor(0.0179),83.1792975970425,450,541
70,66,66,1,tensor(0.0205),81.14754098360656,495,610
68,67,67,1,tensor(0.0195),79.24528301886792,462,583
69,67,67,1,tensor(0.0198),78.90222984562607,460,583
90,67,67,1,tensor(0.0187),83.33333333333334,480,576
8,67,67,1,tensor(0.0180),81.28161888701517,482,593
66,67,67,1,tensor(0.0196),79.90353697749197,497,622
70,67,67,1,tensor(0.0204),80.16393442622952,489,610
0,67,67,1,tensor(0.0189),79.4314381270903,475,598
14,67,67,1,tensor(0.0181),81.64983164983165,485,594
40,67,67,1,tensor(0.0191),80.65693430656934,442,548
45,67,67,1,tensor(0.0195),81.26094570928196,464,571
23,68,68,1,tensor(0.0199),80.56478405315615,485,602
19,68,68,1,tensor(0.0207),81.03161397670549,487,601
72,68,68,1,tensor(0.0207),79.50413223140495,481,605
15,68,68,1,tensor(0.0196),82.01438848920863,456,556
37,68,68,1,tensor(0.0194),80.5324459234609,484,601
80,68,68,1,tensor(0.0191),78.95622895622895,469,594
27,68,68,1,tensor(0.0180),80.40201005025126,480,597
95,68,68,1,tensor(0.0172),82.87795992714025,455,549
1,68,68,1,tensor(0.0187),77.83333333333333,467,600
46,68,68,1,tensor(0.0190),82.43021346469622,502,609
54,69,69,1,tensor(0.0182),83.18098720292505,455,547
97,69,69,1,tensor(0.0176),83.48794063079778,450,539
77,69,69,1,tensor(0.0192),82.47787610619469,466,565
68,69,69,1,tensor(0.0190),79.93138936535163,466,583
98,69,69,1,tensor(0.0157),84.5691382765531,422,499
52,69,69,1,tensor(0.0176),82.2742474916388,492,598
78,69,69,1,tensor(0.0204),78.93030794165315,487,617
88,69,69,1,tensor(0.0200),79.64285714285714,446,560
45,69,69,1,tensor(0.0192),81.26094570928196,464,571
95,69,69,1,tensor(0.0170),82.69581056466302,454,549
42,70,70,1,tensor(0.0184),81.88854489164086,529,646
38,70,70,1,tensor(0.0186),83.3904109589041,487,584
63,70,70,1,tensor(0.0180),84.006734006734,499,594
31,70,70,1,tensor(0.0186),81.52350081037277,503,617
47,70,70,1,tensor(0.0188),81.70731707317073,469,574
12,70,70,1,tensor(0.0192),80.72072072072072,448,555
77,70,70,1,tensor(0.0190),82.65486725663716,467,565
37,70,70,1,tensor(0.0188),81.19800332778702,488,601
23,70,70,1,tensor(0.0187),80.73089700996677,486,602
83,70,70,1,tensor(0.0195),81.01472995090016,495,611
94,71,71,1,tensor(0.0171),84.4731977818854,457,541
48,71,71,1,tensor(0.0194),79.40663176265271,455,573
35,71,71,1,tensor(0.0194),82.49566724436743,476,577
79,71,71,1,tensor(0.0197),79.64601769911505,450,565
29,71,71,1,tensor(0.0191),80.6282722513089,462,573
17,71,71,1,tensor(0.0173),85.66493955094991,496,579
27,71,71,1,tensor(0.0176),81.74204355108877,488,597
1,71,71,1,tensor(0.0183),78.5,471,600
41,71,71,1,tensor(0.0185),80.78740157480316,513,635
25,71,71,1,tensor(0.0181),81.23924268502581,472,581
26,72,72,1,tensor(0.0185),81.32635253054102,466,573
77,72,72,1,tensor(0.0189),83.36283185840708,471,565
17,72,72,1,tensor(0.0173),83.41968911917098,483,579
61,72,72,1,tensor(0.0187),82.73504273504273,484,585
14,72,72,1,tensor(0.0177),81.14478114478115,482,594
0,72,72,1,tensor(0.0181),80.93645484949833,484,598
73,72,72,1,tensor(0.0190),80.48780487804879,495,615
94,72,72,1,tensor(0.0170),84.4731977818854,457,541
96,72,72,1,tensor(0.0163),85.0,459,540
25,72,72,1,tensor(0.0183),81.92771084337349,476,581
55,73,73,1,tensor(0.0187),80.67226890756302,480,595
99,73,73,1,tensor(0.0158),89.2156862745098,364,408
45,73,73,1,tensor(0.0185),81.61120840630473,466,571
50,73,73,1,tensor(0.0181),82.01058201058201,465,567
70,73,73,1,tensor(0.0194),81.31147540983606,496,610
11,73,73,1,tensor(0.0192),80.76256499133449,466,577
57,73,73,1,tensor(0.0189),83.30578512396694,504,605
98,73,73,1,tensor(0.0153),85.57114228456913,427,499
58,73,73,1,tensor(0.0189),81.91304347826087,471,575
43,73,73,1,tensor(0.0182),83.18739054290718,475,571
42,74,74,1,tensor(0.0180),82.04334365325077,530,646
11,74,74,1,tensor(0.0189),81.10918544194108,468,577
89,74,74,1,tensor(0.0178),83.16498316498317,494,594
50,74,74,1,tensor(0.0180),80.42328042328042,456,567
55,74,74,1,tensor(0.0185),80.33613445378151,478,595
83,74,74,1,tensor(0.0196),81.17839607201309,496,611
51,74,74,1,tensor(0.0190),83.22259136212624,501,602
21,74,74,1,tensor(0.0179),81.35593220338984,480,590
0,74,74,1,tensor(0.0180),81.27090301003345,486,598
79,74,74,1,tensor(0.0194),80.53097345132744,455,565
7,75,75,1,tensor(0.0188),81.05263157894737,462,570
65,75,75,1,tensor(0.0195),81.37082601054482,463,569
20,75,75,1,tensor(0.0181),79.76190476190477,469,588
13,75,75,1,tensor(0.0176),80.2547770700637,504,628
16,75,75,1,tensor(0.0174),81.71140939597315,487,596
67,75,75,1,tensor(0.0193),81.05263157894737,462,570
55,75,75,1,tensor(0.0184),81.17647058823529,483,595
61,75,75,1,tensor(0.0186),82.73504273504273,484,585
24,75,75,1,tensor(0.0200),80.92868988391376,488,603
46,75,75,1,tensor(0.0184),83.57963875205255,509,609
85,76,76,1,tensor(0.0180),82.7054794520548,483,584
65,76,76,1,tensor(0.0189),81.89806678383128,466,569
12,76,76,1,tensor(0.0181),82.52252252252252,458,555
51,76,76,1,tensor(0.0180),82.72425249169434,498,602
68,76,76,1,tensor(0.0180),80.78902229845626,471,583
15,76,76,1,tensor(0.0190),81.65467625899281,454,556
75,76,76,1,tensor(0.0182),81.0,486,600
90,76,76,1,tensor(0.0175),85.24305555555556,491,576
26,76,76,1,tensor(0.0182),81.50087260034904,467,573
71,76,76,1,tensor(0.0188),80.69073783359497,514,637
57,77,77,1,tensor(0.0181),83.96694214876032,508,605
55,77,77,1,tensor(0.0182),80.50420168067227,479,595
95,77,77,1,tensor(0.0161),84.51730418943534,464,549
96,77,77,1,tensor(0.0157),85.0,459,540
74,77,77,1,tensor(0.0177),80.40201005025126,480,597
18,77,77,1,tensor(0.0179),82.01058201058201,465,567
53,77,77,1,tensor(0.0182),83.62676056338029,475,568
39,77,77,1,tensor(0.0185),81.42857142857143,456,560
52,77,77,1,tensor(0.0167),82.94314381270902,496,598
60,77,77,1,tensor(0.0174),84.33333333333334,506,600
43,78,78,1,tensor(0.0182),84.58844133099825,483,571
49,78,78,1,tensor(0.0190),80.21978021978022,511,637
84,78,78,1,tensor(0.0176),82.52911813643927,496,601
46,78,78,1,tensor(0.0181),83.74384236453201,510,609
1,78,78,1,tensor(0.0177),80.0,480,600
11,78,78,1,tensor(0.0187),79.37608318890814,458,577
5,78,78,1,tensor(0.0178),81.20689655172414,471,580
7,78,78,1,tensor(0.0185),80.35087719298247,458,570
3,78,78,1,tensor(0.0186),80.80985915492957,459,568
45,78,78,1,tensor(0.0180),82.48686514886164,471,571
54,79,79,1,tensor(0.0172),84.27787934186472,461,547
29,79,79,1,tensor(0.0185),81.32635253054102,466,573
4,79,79,1,tensor(0.0173),83.57487922705315,519,621
38,79,79,1,tensor(0.0177),83.3904109589041,487,584
52,79,79,1,tensor(0.0166),83.11036789297658,497,598
86,79,79,1,tensor(0.0180),81.11658456486043,494,609
28,79,79,1,tensor(0.0190),78.79858657243817,446,566
34,79,79,1,tensor(0.0174),82.91457286432161,495,597
15,79,79,1,tensor(0.0182),80.93525179856115,450,556
75,79,79,1,tensor(0.0180),81.66666666666667,490,600
66,80,80,1,tensor(0.0178),81.9935691318328,510,622
24,80,80,1,tensor(0.0180),81.2603648424544,490,603
28,80,80,1,tensor(0.0188),79.68197879858657,451,566
36,80,80,1,tensor(0.0193),81.36439267886855,489,601
54,80,80,1,tensor(0.0171),84.09506398537478,460,547
92,80,80,1,tensor(0.0183),81.59292035398231,461,565
27,80,80,1,tensor(0.0167),80.73701842546063,482,597
46,80,80,1,tensor(0.0180),84.23645320197043,513,609
29,80,80,1,tensor(0.0182),82.37347294938918,472,573
52,80,80,1,tensor(0.0165),83.61204013377926,500,598
18,81,81,1,tensor(0.0176),82.53968253968253,468,567
22,81,81,1,tensor(0.0176),81.41135972461274,473,581
59,81,81,1,tensor(0.0192),79.73640856672158,484,607
69,81,81,1,tensor(0.0182),81.13207547169812,473,583
37,81,81,1,tensor(0.0175),82.19633943427621,494,601
56,81,81,1,tensor(0.0173),83.61774744027304,490,586
36,81,81,1,tensor(0.0186),81.86356073211314,492,601
68,81,81,1,tensor(0.0177),81.30360205831903,474,583
39,81,81,1,tensor(0.0182),80.71428571428572,452,560
46,81,81,1,tensor(0.0177),84.23645320197043,513,609
72,82,82,1,tensor(0.0187),82.14876033057851,497,605
95,82,82,1,tensor(0.0158),84.51730418943534,464,549
79,82,82,1,tensor(0.0187),80.88495575221238,457,565
51,82,82,1,tensor(0.0186),82.72425249169434,498,602
47,82,82,1,tensor(0.0176),81.70731707317073,469,574
29,82,82,1,tensor(0.0182),80.80279232111693,463,573
10,82,82,1,tensor(0.0181),80.62992125984252,512,635
16,82,82,1,tensor(0.0167),82.38255033557047,491,596
84,82,82,1,tensor(0.0204),82.86189683860233,498,601
27,82,82,1,tensor(0.0167),82.41206030150754,492,597
47,83,83,1,tensor(0.0177),81.8815331010453,470,574
97,83,83,1,tensor(0.0162),83.85899814471243,452,539
40,83,83,1,tensor(0.0173),81.93430656934306,449,548
98,83,83,1,tensor(0.0146),85.77154308617234,428,499
33,83,83,1,tensor(0.0164),83.82352941176471,513,612
92,83,83,1,tensor(0.0179),81.94690265486726,463,565
96,83,83,1,tensor(0.0152),84.44444444444444,456,540
76,83,83,1,tensor(0.0174),82.57956448911223,493,597
73,83,83,1,tensor(0.0179),80.97560975609757,498,615
72,83,83,1,tensor(0.0205),81.48760330578513,493,605
68,84,84,1,tensor(0.0175),81.81818181818183,477,583
38,84,84,1,tensor(0.0172),85.44520547945206,499,584
40,84,84,1,tensor(0.0172),82.48175182481752,452,548
13,84,84,1,tensor(0.0168),80.73248407643312,507,628
30,84,84,1,tensor(0.0165),81.5068493150685,476,584
2,84,84,1,tensor(0.0172),81.7094017094017,478,585
83,84,84,1,tensor(0.0181),81.17839607201309,496,611
51,84,84,1,tensor(0.0172),82.890365448505,499,602
27,84,84,1,tensor(0.0166),81.23953098827471,485,597
88,84,84,1,tensor(0.0187),81.60714285714286,457,560
6,85,85,1,tensor(0.0177),81.9376026272578,499,609
49,85,85,1,tensor(0.0183),81.31868131868131,518,637
50,85,85,1,tensor(0.0174),82.36331569664902,467,567
32,85,85,1,tensor(0.0170),83.06451612903226,515,620
22,85,85,1,tensor(0.0172),81.41135972461274,473,581
78,85,85,1,tensor(0.0191),79.902755267423,493,617
64,85,85,1,tensor(0.0184),82.62295081967214,504,610
66,85,85,1,tensor(0.0176),82.47588424437299,513,622
82,85,85,1,tensor(0.0165),85.39898132427844,503,589
47,85,85,1,tensor(0.0173),81.8815331010453,470,574
1,86,86,1,tensor(0.0171),78.5,471,600
14,86,86,1,tensor(0.0164),83.16498316498317,494,594
49,86,86,1,tensor(0.0182),80.3767660910518,512,637
15,86,86,1,tensor(0.0181),82.55395683453237,459,556
89,86,86,1,tensor(0.0166),84.17508417508418,500,594
79,86,86,1,tensor(0.0184),80.53097345132744,455,565
44,86,86,1,tensor(0.0184),80.09868421052632,487,608
9,86,86,1,tensor(0.0169),81.26064735945485,477,587
13,86,86,1,tensor(0.0168),81.52866242038218,512,628
68,86,86,1,tensor(0.0172),81.81818181818183,477,583
90,87,87,1,tensor(0.0164),85.59027777777779,493,576
51,87,87,1,tensor(0.0175),84.88372093023256,511,602
82,87,87,1,tensor(0.0161),85.05942275042445,501,589
94,87,87,1,tensor(0.0157),84.28835489833642,456,541
53,87,87,1,tensor(0.0173),84.6830985915493,481,568
48,87,87,1,tensor(0.0178),80.80279232111693,463,573
52,87,87,1,tensor(0.0158),83.77926421404682,501,598
72,87,87,1,tensor(0.0194),81.48760330578513,493,605
54,87,87,1,tensor(0.0163),83.72943327239489,458,547
36,87,87,1,tensor(0.0178),81.36439267886855,489,601
94,88,88,1,tensor(0.0155),85.39741219963032,462,541
90,88,88,1,tensor(0.0165),85.06944444444444,490,576
75,88,88,1,tensor(0.0171),81.16666666666667,487,600
70,88,88,1,tensor(0.0176),82.62295081967214,504,610
69,88,88,1,tensor(0.0174),81.6466552315609,476,583
80,88,88,1,tensor(0.0169),81.81818181818183,486,594
96,88,88,1,tensor(0.0148),85.0,459,540
82,88,88,1,tensor(0.0160),85.90831918505943,506,589
37,88,88,1,tensor(0.0165),82.86189683860233,498,601
1,88,88,1,tensor(0.0169),79.0,474,600
82,89,89,1,tensor(0.0160),85.39898132427844,503,589
36,89,89,1,tensor(0.0171),82.02995008319468,493,601
17,89,89,1,tensor(0.0161),82.90155440414507,480,579
29,89,89,1,tensor(0.0178),80.45375218150087,461,573
79,89,89,1,tensor(0.0181),81.59292035398231,461,565
33,89,89,1,tensor(0.0166),83.33333333333334,510,612
64,89,89,1,tensor(0.0177),82.62295081967214,504,610
19,89,89,1,tensor(0.0176),80.69883527454242,485,601
15,89,89,1,tensor(0.0181),83.09352517985612,462,556
66,89,89,1,tensor(0.0170),82.15434083601286,511,622
76,90,90,1,tensor(0.0169),81.90954773869346,489,597
67,90,90,1,tensor(0.0178),81.05263157894737,462,570
89,90,90,1,tensor(0.0162),83.67003367003367,497,594
86,90,90,1,tensor(0.0171),81.9376026272578,499,609
25,90,90,1,tensor(0.0166),82.27194492254733,478,581
4,90,90,1,tensor(0.0166),82.76972624798712,514,621
77,90,90,1,tensor(0.0169),83.00884955752213,469,565
85,90,90,1,tensor(0.0167),82.1917808219178,480,584
94,90,90,1,tensor(0.0156),84.84288354898337,459,541
91,90,90,1,tensor(0.0164),82.41206030150754,492,597
20,91,91,1,tensor(0.0170),81.12244897959184,477,588
58,91,91,1,tensor(0.0173),83.1304347826087,478,575
95,91,91,1,tensor(0.0150),83.24225865209472,457,549
86,91,91,1,tensor(0.0163),82.43021346469622,502,609
54,91,91,1,tensor(0.0162),82.44972577696527,451,547
98,91,91,1,tensor(0.0139),85.97194388777555,429,499
80,91,91,1,tensor(0.0168),81.81818181818183,486,594
19,91,91,1,tensor(0.0174),81.86356073211314,492,601
94,91,91,1,tensor(0.0155),85.58225508317929,463,541
33,91,91,1,tensor(0.0159),82.84313725490196,507,612
47,92,92,1,tensor(0.0166),81.53310104529616,468,574
89,92,92,1,tensor(0.0161),84.17508417508418,500,594
52,92,92,1,tensor(0.0154),83.77926421404682,501,598
39,92,92,1,tensor(0.0172),81.78571428571428,458,560
94,92,92,1,tensor(0.0154),85.58225508317929,463,541
10,92,92,1,tensor(0.0173),81.88976377952756,520,635
36,92,92,1,tensor(0.0197),82.52911813643927,496,601
79,92,92,1,tensor(0.0174),81.23893805309734,459,565
53,92,92,1,tensor(0.0166),85.2112676056338,484,568
74,92,92,1,tensor(0.0164),81.57453936348409,487,597
6,93,93,1,tensor(0.0173),80.78817733990148,492,609
10,93,93,1,tensor(0.0172),82.83464566929133,526,635
27,93,93,1,tensor(0.0159),80.73701842546063,482,597
69,93,93,1,tensor(0.0173),81.81818181818183,477,583
28,93,93,1,tensor(0.0178),80.21201413427562,454,566
15,93,93,1,tensor(0.0170),83.45323741007195,464,556
13,93,93,1,tensor(0.0160),82.32484076433121,517,628
81,93,93,1,tensor(0.0170),81.29251700680273,478,588
44,93,93,1,tensor(0.0184),80.09868421052632,487,608
66,93,93,1,tensor(0.0166),83.92282958199357,522,622
29,94,94,1,tensor(0.0172),80.80279232111693,463,573
45,94,94,1,tensor(0.0167),83.71278458844134,478,571
66,94,94,1,tensor(0.0170),82.31511254019293,512,622
74,94,94,1,tensor(0.0164),81.74204355108877,488,597
73,94,94,1,tensor(0.0170),82.76422764227642,509,615
21,94,94,1,tensor(0.0164),81.01694915254237,478,590
79,94,94,1,tensor(0.0174),81.41592920353983,460,565
80,94,94,1,tensor(0.0166),81.64983164983165,485,594
25,94,94,1,tensor(0.0162),82.44406196213426,479,581
96,94,94,1,tensor(0.0145),85.37037037037038,461,540
59,95,95,1,tensor(0.0174),79.40691927512356,482,607
53,95,95,1,tensor(0.0162),85.03521126760563,483,568
27,95,95,1,tensor(0.0159),82.24455611390285,491,597
94,95,95,1,tensor(0.0151),85.39741219963032,462,541
48,95,95,1,tensor(0.0174),80.80279232111693,463,573
51,95,95,1,tensor(0.0162),83.05647840531562,500,602
20,95,95,1,tensor(0.0165),80.4421768707483,473,588
52,95,95,1,tensor(0.0153),83.94648829431438,502,598
93,95,95,1,tensor(0.0161),85.03937007874016,432,508
89,95,95,1,tensor(0.0159),83.83838383838383,498,594
46,96,96,1,tensor(0.0168),84.89326765188834,517,609
20,96,96,1,tensor(0.0165),81.4625850340136,479,588
0,96,96,1,tensor(0.0161),83.11036789297658,497,598
79,96,96,1,tensor(0.0177),81.41592920353983,460,565
78,96,96,1,tensor(0.0179),82.17179902755267,507,617
82,96,96,1,tensor(0.0156),85.56876061120543,504,589
87,96,96,1,tensor(0.0158),82.57191201353638,488,591
33,96,96,1,tensor(0.0157),83.16993464052288,509,612
62,96,96,1,tensor(0.0169),82.81786941580756,482,582
76,96,96,1,tensor(0.0164),82.41206030150754,492,597
56,97,97,1,tensor(0.0159),84.47098976109216,495,586
34,97,97,1,tensor(0.0159),83.58458961474037,499,597
5,97,97,1,tensor(0.0162),81.55172413793103,473,580
20,97,97,1,tensor(0.0166),80.61224489795919,474,588
94,97,97,1,tensor(0.0151),85.21256931608133,461,541
22,97,97,1,tensor(0.0166),80.72289156626506,469,581
14,97,97,1,tensor(0.0156),82.65993265993265,491,594
63,97,97,1,tensor(0.0157),85.01683501683502,505,594
4,97,97,1,tensor(0.0163),83.89694041867955,521,621
67,97,97,1,tensor(0.0174),82.80701754385966,472,570
91,98,98,1,tensor(0.0158),83.24958123953098,497,597
64,98,98,1,tensor(0.0167),82.45901639344262,503,610
77,98,98,1,tensor(0.0162),84.070796460177,475,565
14,98,98,1,tensor(0.0157),82.15488215488216,488,594
67,98,98,1,tensor(0.0175),82.45614035087719,470,570
90,98,98,1,tensor(0.0157),85.9375,495,576
75,98,98,1,tensor(0.0165),82.33333333333334,494,600
97,98,98,1,tensor(0.0151),85.15769944341372,459,539
92,98,98,1,tensor(0.0166),82.47787610619469,466,565
40,98,98,1,tensor(0.0161),82.48175182481752,452,548
76,99,99,1,tensor(0.0163),82.07705192629817,490,597
6,99,99,1,tensor(0.0166),81.11658456486043,494,609
8,99,99,1,tensor(0.0156),81.28161888701517,482,593
88,99,99,1,tensor(0.0176),82.32142857142857,461,560
2,99,99,1,tensor(0.0163),81.53846153846153,477,585
82,99,99,1,tensor(0.0153),84.88964346349745,500,589
12,99,99,1,tensor(0.0173),83.6036036036036,464,555
27,99,99,1,tensor(0.0158),81.57453936348409,487,597
61,99,99,1,tensor(0.0164),83.93162393162393,491,585
21,99,99,1,tensor(0.0163),81.1864406779661,479,590
35,100,100,1,tensor(0.0171),84.05545927209705,485,577
57,100,100,1,tensor(0.0164),85.6198347107438,518,605
43,100,100,1,tensor(0.0164),84.93870402802102,485,571
34,100,100,1,tensor(0.0159),84.42211055276381,504,597
76,100,100,1,tensor(0.0162),83.08207705192629,496,597
26,100,100,1,tensor(0.0167),82.02443280977313,470,573
92,100,100,1,tensor(0.0169),82.65486725663716,467,565
3,100,100,1,tensor(0.0169),82.74647887323944,470,568
13,100,100,1,tensor(0.0158),81.05095541401273,509,628
16,100,100,1,tensor(0.0158),81.87919463087249,488,596
